27
1
37
22
34
43
38
52
18
4
33
29
25
8
38
31
15
2
21
27
17
45
28
43
36
43
38
22
45
17
22
32
35
20
45
15
54
33
29
4
47
7
8
36
21
42
28
47
23
49
4
47
7
17
30
1
41
49
6
33
20
9
23
21
52
13
13
18
25
24
42
36
19
22
6
7
1
49
13
25
9
42
33
35
25
16
3
50
52
16
22
52
1
28
28
1
15
9
31
40
35
38
43
1
22
2
28
50
34
39
2
17
43
20
22
54
32
20
26
52
36
44
22
27
5
36
33
18
50
50
17
45
54
45
8
2
7
43
26
27
23
21
30
48
11
15
13
19
47
48
15
34
3
41
53
41
32
37
18
34
25
25
30
53
16
46
42
38
8
9
23
40
14
42
41
48
4
25
49
4
42
4
10
14
10
33
34
50
19
32
30
26
9
53
25
41
10
50
32
17
53
27
53
16
3
12
22
27
28
14
18
40
29
26
12
22
35
4
20
21
54
12
5
28
50
46
23
44
52
22
36
16
38
29
16
1
36
22
16
53
26
41
38
19
5
50
1
28
11
34
31
14
20
7
24
41
15
40
44
24
9
12
27
34
40
6
36
47
20
16
27
20
12
7
21
42
19
41
16
50
53
1
50
9
44
39
8
44
23
38
45
2
7
47
25
12
35
31
39
50
40
19
26
30
24
13
32
51
3
36
41
40
24
10
23
24
18
31
47
43
33
1
33
2
9
2
2
28
39
11
7
16
9
9
28
14
15
33
33
32
22
40
3
27
46
34
24
40
36
3
42
33
26
53
28
38
50
18
26
11
10
38
20
46
34
10
27
23
46
29
43
37
29
48
50
22
5
45
33
41
50
53
4
45
14
45
7
7
15
9
5
11
4
53
16
37
14
3
25
29
42
50
28
53
45
4
30
18
9
21
4
30
40
44
53
44
18
38
21
7
40
11
43
41
23
22
9
42
32
1
4
38
3
16
35
39
10
24
8
29
31
45
6
43
50
22
50
43
15
16
34
6
54
46
29
32
2
14
30
34
14
10
49
40
30
4
51
8
27
54
22
22
11
50
36
31
34
46
26
5
40
29
43
16
45
39
21
33
3
36
33
20
26
1
45
31
7
49
8
39
